&RUN_PARAMETERS
 RUN_NAME="test                                ",
 VERBOSE_LEVEL=          0,
 /
&GEOMETRY_PARAMETERS
 Z0=  0.0000000000000000     ,
 ZN=  5291.0000000000000     ,
 RADIUS_MODEL="fixed",
 RADIUS_FIXED =  30.000000000000000     ,
 COMP_CELLS=       1000,
 /
&PHASES_PARAMETERS
 N_GAS=          1,
 N_CRY=          1,
 /
&STEADY_BOUNDARY_CONDITIONS
 T_IN=  1159.0000000000000     ,
 P1_IN=  140000000.00000000     ,
 DELTA_P_IN=  0.0000000000000000     ,
 X_EX_DIS_IN=  4.5999999999999999E-002,
 P_OUT=  101300.00000000000     ,
 U1_IN=  1.8999999999999999     ,
 EPS_CONV=  1.0000000000000001E-005,
 SHOOTING=T,
 /
&EXSOLVED_GAS_PARAMETERS
 GAS_LAW="IDEAL               ",
 PC_G=  22064000.000000000     ,
 TC_G=  647.00000000000000     ,
 CV_G=  1571.0000000000000     ,
 GAMMA_G=  1.2900000000000009     ,
 RHO0_G= 0.58846005099999998     ,
 T0_G=  373.00000000000000     ,
 BAR_E_G=  0.0000000000000000     ,
 S0_G=  0.0000000000000000     ,
 VISC_2=  1.4999999999999999E-005,
 LATERAL_DEGASSING_FLAG=F,
 ALFA2_LAT_THR=  1.1000000000000001     ,
 PERM0=  5.0000000000000001E-003,
 /
&DISSOLVED_GAS_PARAMETERS
 RHO0_D=  1000.0000000000000     ,
 C0_D=  407.02249999999998     ,
 CV_D=  3637.5787820281998     ,
 GAMMA_D=  1.1100000000000001     ,
 P0_D=  100000000.00000000     ,
 T0_D=  372.99994092673325     ,
 BAR_E_D=  0.0000000000000000     ,
 BAR_P_D=  49249833.789414391     ,
 S0_D=  0.0000000000000000     ,
 EXSOL_MODEL="Henry               ",
 SOLUB=  4.1099999999999996E-006,
 SOLUB_EXP= 0.50000000000000000     ,
 /
&CRYSTALS_PARAMETERS
 RHO0_C=  2800.0000000000000     ,
 C0_C=  2000.0000000000000     ,
 CV_C=  360.00000000000000     ,
 GAMMA_C=  3.3999999999999999     ,
 P0_C=  250000000.00000000     ,
 T0_C=  1361.6557734204794     ,
 BAR_E_C=  0.0000000000000000     ,
 BAR_P_C=  3044117647.0588236     ,
 S0_C=  0.0000000000000000     ,
 BETA0= 0.40000000000000002     ,
 BETA_MAX= 0.40000000000000002     ,
 CRYSTALLIZATION_MODEL="Vitturi2010",
 /
&MELT_PARAMETERS
 RHO0_M=  2500.0000000000000     ,
 C0_M=  1366.2740410693600     ,
 CV_M=  707.00000000000000     ,
 GAMMA_M=  2.0899999999999999     ,
 P0_M=  140000000.00000000     ,
 T0_M=  1158.9999999999998     ,
 BAR_E_M=  0.0000000000000000     ,
 BAR_P_M=  2092900424.9999993     ,
 S0_M=  0.0000000000000000     ,
 /
&VISCOSITY_PARAMETERS
 VISC_MELT_MODEL="Hess_and_Dingwell1996",
 BUBBLES_MODEL="none                ",
 THETA_MODEL="Costa2005                     ",
 THETA_FIXED=  1.0000000000000000     ,
 /
&TEMPERATURE_PARAMETERS
 ISOTHERMAL=T,
 FIXED_TEMP=  1159.0000000000000     ,
 /
&FRAGMENTATION_PARAMETERS
 EXPLOSIVE=T,
 FRAGMENTATION_MODEL=          1,
 FRAG_THR= 0.80000000000000004     ,
 /
&EXTERNAL_WATER_PARAMETERS
 EXT_WATER=F,
 TOTAL_WATER_INFLUX=  0.0000000000000000     ,
 MIN_Z_INFLUX=  0.0000000000000000     ,
 DELTA_Z_INFLUX=  0.0000000000000000     ,
 T_W=  0.0000000000000000     ,
 INST_VAPORIZATION=F,
 /
&SOURCE_PARAMETERS
 GRAV=  9.8100000000000005     ,
 /
&RELAXATION_PARAMETERS
 DRAG_FUNCT_MODEL="forchheimer                   ",
 LOG10_DRAG_FUNCT_COEFF=  0.0000000000000000     ,
 P_RELAX_MODEL="constant            ",
 LOG10_TAU_P_COEFF= -8.0000000000000000     ,
 LOG10_TAU_C= -8.0000000000000000     ,
 LOG10_TAU_D= -8.0000000000000000     ,
 /
&FORCHHEIMER_PARAMETERS
 LOG10_BUBBLE_NUMBER_DENSITY=  15.000000000000000     ,
 TORTUOSITY_FACTOR=  3.5000000000000022     ,
 THROAT_BUBBLE_RATIO=  9.9999999999999992E-002,
 FRICTION_COEFFICIENT=  10.000000000000000     ,
 C_D= 0.80000000000000004     ,
 R_A=  1.0000000000000000E-003,
 /
 'MELTCOMPOSITION'
SiO2  TiO2  Al2O3  FeO   MnO  MgO   CaO   Na2O  K2O   P2O5 H2O  F2O-1
58.5  0.91  16.90  5.03  0.0  2.80  5.35  2.20  1.74  0.0  0.0  0.0
